1319546264 47
1319546325 181
1319546984 189
1319557149 189
1319557213 203
1319573287 252
1319574966 258
1319576497 260
1320076502 317
1320076521 318
1320076718 320
1320082540 327
1320082579 366
1320084496 405
1320086243 416
1320086263 414
1320090416 463
1320090429 464
1320096239 557
1320177231 600
1320336709 663
1320414994 668
1320420094 693
1320422664 715
1320424922 1653
1320514281 1309
1320514468 1653
1320777287 1654
1320783908 1727
1320784084 1727
1320785325 1728
1321135428 1729
1321199514 1734
1321202252 1819
1321797986 1835
1322213375 1836
1322216641 1853
1322216651 1855
1322217076 1856
1322430296 1889
1322483517 1887
1322572988 1889
1322842121 4545
1322842149 4546
1324390967 4571
1324391067 4571
1326126540 4632
1326194331 4681
1326195909 4690
1326200147 4691
1326200399 4692
1326210803 4701
1326223764 4767
1326223794 5052
1326229414 5094
1326230556 5117
1326234691 5148
1326235605 5149
1326239654 5360
1326239714 5432
1326243057 5497
1326243724 5497
1326273166 5499
1326273181 5512
1326275167 5513
1326276822 5542
1326293515 5542
1326356526 5541
1326357137 5555
1326371549 5554
1326371995 5554
1326372048 5555
1326372390 5555
1326372549 5555
1326372552 5555
1326373523 5552
1326388327 5558
1326397383 5987
1326402489 6419
1326402808 6419
1326404969 6453
1326449840 6454
1326453835 6457
1326467785 6539
1326471606 6556
1326471652 6547
1326472046 6641
1326473740 6642
1326474254 6668
1326474259 6668
1326474770 6649
1326475661 6652
1326475665 6654
1326480894 6928
1326495233 7022
1326505991 7043
1326506056 7043
1326562699 7044
1326567081 7125
1326577366 7303
1326577421 7304
1326577460 7304
1326577646 7304
1326583828 7312
1326587799 7403
1326588909 7405
1326637365 7439
1326637424 7455
1326648031 7479
1326648041 7650
1326648120 7650
1326649981 7682
1326650060 7683
1326650071 8154
1326650640 8155
1326650646 8282
1326652576 8226
1326653007 8251
1326656033 8415
1326656048 8418
1326656059 8492
1326662817 8492
1326663051 8705
1326663071 8705
1326663330 8705
1326663443 8709
1326663459 8711
1326663470 8726
1326663516 8726
1326663533 8721
1326663605 8771
1326663713 8773
1326664053 8773
1326664395 8773
1326664407 8776
1326665323 8779
1326665570 9108
1326667226 9157
1326667244 8964
1326667260 8964
1326667617 8960
1326667766 8960
1326668059 8960
1326668102 8963
1326668369 8941
1326668513 8974
1326668682 8974
1326668704 8974
