1319543963 68 0 0 0 0 0
1319545384 134 0 0 0 0 0
1319546264 134 0 0 0 47 0
1319546325 134 0 0 0 47 0
1319546984 134 0 0 0 55 0
1319547921 149 0 0 0 55 0
1319547938 149 0 0 0 55 0
1319549054 149 13 0 0 55 0
1319549083 149 14 0 0 55 0
1319557149 149 14 0 0 55 0
1319557213 149 14 0 0 55 0
1319573287 149 14 0 76 55 0
1319574966 149 14 13 76 55 0
1319576497 149 14 18 76 55 0
1320073179 154 14 18 76 55 0
1320076502 154 14 18 147 55 0
1320076521 154 14 18 147 55 0
1320076718 154 14 18 149 55 0
1320082540 161 14 18 149 55 0
1320082579 212 14 18 149 55 0
1320084496 212 14 18 196 55 0
1320085876 212 14 18 196 55 0
1320085880 212 14 18 196 55 0
1320086243 212 14 18 207 55 0
1320086263 212 14 18 207 55 0
1320089806 214 14 18 207 55 0
1320090416 214 14 18 256 55 0
1320090429 214 14 18 256 55 0
1320096239 435 14 18 256 55 0
1320177231 435 14 18 305 55 0
1320336709 533 14 18 305 55 0
1320414994 574 14 18 305 55 0
1320420094 612 14 18 305 55 0
1320422664 640 14 18 305 55 0
1320424922 1578 14 18 305 55 0
1320514281 1578 14 18 305 55 1
1320514468 1578 14 18 305 55 345
1320777287 1579 14 18 305 55 345
1320783908 1720 14 18 305 55 345
1320784084 1721 14 18 305 55 345
1320785325 1727 14 18 305 55 345
1321135428 1727 14 21 305 55 345
1321199514 1727 14 21 305 55 351
1321202252 1727 14 21 396 55 351
1321797986 1727 14 21 413 55 351
1322213375 1728 14 21 413 55 351
1322213430 1728 17 21 413 55 351
1322216641 1753 17 21 413 55 351
1322216651 1753 17 21 413 55 351
1322217076 1754 17 21 413 55 351
1322430296 1808 17 21 413 55 351
1322483517 1813 17 21 413 55 351
1322572988 1819 17 21 413 55 351
1322842121 4475 17 21 413 55 351
1322842149 4476 17 21 413 55 351
1324390967 4476 79 21 413 55 351
1324391067 4476 81 21 413 55 351
1326126540 4537 81 21 413 55 351
1326194331 4608 81 21 413 55 351
1326195909 4623 81 21 413 55 351
1326200147 4624 81 21 413 55 351
1326200399 4627 81 21 413 55 351
1326210803 4713 81 21 413 55 351
1326211711 4713 366 21 413 55 351
1326223764 4779 366 21 413 55 351
1326223794 4779 366 21 413 55 351
1326229414 4830 366 21 413 55 351
1326230556 4864 366 21 413 55 351
1326234691 4900 366 21 413 55 351
1326235605 4944 366 21 413 55 351
1326239654 4944 597 21 413 55 351
1326239714 4944 669 21 413 55 351
1326243057 4944 741 21 413 55 351
1326243724 4944 774 21 413 55 351
1326273166 4944 776 21 413 55 351
1326273181 4944 791 21 413 55 351
1326275167 4944 792 21 413 55 351
1326276822 4944 913 21 413 55 351
1326293515 4944 913 21 413 55 351
1326356526 4944 917 21 413 55 351
1326371549 4944 917 21 430 55 351
1326371995 4944 919 21 431 55 351
1326372048 4944 920 21 431 55 351
1326372390 4944 920 21 433 55 351
1326372477 4944 921 21 433 55 351
1326372549 4944 921 21 434 55 351
1326372552 4944 921 21 434 55 351
1326373523 4944 921 21 447 55 351
1326388327 4989 921 21 447 55 351
1326397383 5418 921 21 447 55 351
1326402489 5910 921 21 447 55 351
1326402808 5912 921 21 447 55 351
1326404969 5949 921 21 447 55 351
1326449840 5949 922 21 447 55 351
1326453835 5956 922 21 447 55 351
1326467785 6151 922 21 447 55 351
1326471606 6181 922 21 447 55 351
1326471652 6225 922 21 447 55 351
1326472046 6225 1017 21 447 55 351
1326473740 6232 1018 21 447 55 351
1326474254 6274 1018 21 447 55 351
1326474259 6274 1018 21 447 55 351
1326474770 6274 1018 21 447 55 351
1326474994 6274 1020 21 447 55 351
1326475281 6274 1021 21 447 55 351
1326475661 6282 1021 21 447 55 351
1326475665 6282 1021 21 447 55 351
1326477381 6282 1155 21 447 55 351
1326479241 6282 1168 21 447 55 351
1326480894 6568 1168 21 447 55 351
1326495233 6568 1168 21 447 55 351
1326498926 6568 1168 21 447 55 351
1326500181 6568 1181 21 447 55 351
1326505991 6637 1181 21 447 55 351
1326506056 6637 1181 21 447 55 351
1326562699 6711 1181 21 447 55 351
1326567081 6891 1181 21 447 55 351
1326577366 7069 1181 21 447 55 351
1326577421 7070 1181 21 447 55 351
1326577460 7071 1181 21 447 55 351
1326577646 7072 1181 21 447 55 351
1326583828 7104 1181 21 447 55 351
1326587799 7226 1181 21 447 55 351
1326588909 7226 1185 21 447 55 351
1326634731 7226 1185 21 447 55 351
1326634933 7280 1185 21 447 55 351
1326635089 7280 1185 39 447 55 351
1326636549 7280 1185 39 447 55 351
1326637365 7280 1185 39 489 55 351
1326637424 7280 1185 39 489 55 351
1326637595 7280 1185 131 489 55 351
1326637613 7280 1185 131 489 55 351
1326638470 7280 1185 212 489 55 351
1326638590 7289 1185 212 489 55 351
1326638607 7289 1185 212 489 55 351
1326638872 7289 1186 212 489 55 351
1326639713 7289 1202 212 489 55 351
1326641250 7289 1202 217 489 55 351
1326641389 7289 1204 217 489 55 351
1326643125 7299 1204 217 489 55 351
1326643384 7299 1204 217 489 55 351
1326643400 7303 1204 217 489 55 351
1326643564 7303 1266 217 489 55 351
1326644456 7303 1267 217 489 55 351
1326644782 7311 1267 217 489 55 351
1326644786 7311 1267 217 489 55 351
1326645034 7315 1267 217 489 55 351
1326645684 7315 1267 254 489 55 351
1326645700 7315 1267 254 489 55 351
1326647333 7315 1267 254 489 55 351
1326647413 7334 1267 254 489 55 351
1326647548 7337 1267 254 489 55 351
1326648031 7337 1267 254 513 55 351
1326648041 7337 1267 254 513 55 351
1326648120 7337 1267 254 514 55 351
1326649242 7800 1267 254 514 55 351
1326649249 7800 1267 254 514 55 351
1326649385 7820 1267 254 514 55 351
1326649729 7827 1267 254 514 55 351
1326649981 7827 1267 286 514 55 351
1326650060 7827 1267 287 514 55 351
1326650071 7827 1267 287 514 55 351
1326650575 7827 1394 287 514 55 351
1326650640 7834 1394 287 514 55 351
1326650646 7834 1394 287 514 55 351
1326652576 7842 1394 287 514 55 351
1326653007 7842 1429 287 514 55 351
1326654087 7874 1429 287 514 55 351
1326654486 7874 1429 287 514 55 351
1326654561 7874 1429 287 514 55 351
1326654750 7881 1429 287 514 55 351
1326655378 7899 1429 287 514 55 351
1326656033 7899 1429 451 514 55 351
1326656048 7899 1429 455 514 55 351
1326656059 7899 1429 455 514 55 351
1326656117 7906 1429 455 514 55 351
1326656121 7906 1429 455 514 55 351
1326658387 7914 1429 455 514 55 351
1326659059 7914 1429 455 520 55 351
1326659070 7914 1429 455 520 55 351
1326659241 7914 1429 455 521 55 351
1326659381 7931 1429 455 521 55 351
1326659390 7931 1429 455 521 55 351
1326660030 7931 1598 455 521 55 351
1326661227 7932 1598 455 521 55 351
1326661235 7932 1598 455 521 55 351
1326661976 7932 1598 455 527 55 351
1326662056 7932 1598 455 528 55 351
1326662210 7932 1606 455 528 55 351
1326662642 7932 1606 455 532 55 351
1326662649 8014 1606 455 532 55 351
1326662705 8014 1606 455 544 55 351
1326662817 8014 1606 457 544 55 351
1326662830 8014 1606 457 545 55 351
1326662862 8015 1606 457 545 55 351
1326663051 8015 1606 457 545 55 351
1326663071 8015 1606 457 545 55 351
1326663235 8015 1606 457 545 55 351
1326663292 8015 1606 457 545 55 351
1326663330 8015 1606 460 545 55 351
1326663443 8015 1606 465 545 55 351
1326663459 8015 1606 467 545 55 351
1326663470 8015 1606 485 545 55 351
1326663516 8015 1606 486 545 55 351
1326663528 8017 1606 486 545 55 351
1326663533 8017 1606 492 545 55 351
1326663605 8017 1606 542 545 55 351
1326663713 8017 1606 542 545 55 351
1326663863 8022 1606 542 545 55 351
1326664053 8022 1606 544 545 55 351
1326664115 8022 1606 544 545 55 351
1326664395 8022 1606 545 545 55 351
1326664407 8022 1606 545 545 55 351
1326665323 8022 1606 548 545 55 351
1326665524 8367 1606 548 545 55 351
1326665532 8367 1606 548 545 55 351
1326665570 8367 1606 548 545 55 351
1326665799 8377 1606 548 545 55 351
1326665994 8381 1606 548 545 55 351
1326666063 8381 1717 548 545 55 351
1326666892 8381 1831 548 545 55 351
1326667119 8381 1831 548 547 55 351
1326667206 8381 1832 548 547 55 351
1326667218 8381 1832 548 547 55 351
1326667226 8381 1832 597 547 55 351
1326667244 8381 1832 597 547 55 351
1326667260 8381 1832 597 547 55 351
1326667617 8381 1832 598 547 55 351
1326667766 8381 1832 598 547 55 351
1326667844 8390 1832 598 547 55 351
1326667898 8390 1832 598 547 55 351
1326668059 8390 1832 599 547 55 351
1326668102 8390 1832 599 547 55 351
1326668369 8390 1832 599 547 55 351
1326668411 8390 1865 599 547 55 351
1326668513 8390 1865 599 547 55 351
1326668682 8391 1865 599 547 55 351
1326668704 8391 1865 599 547 55 351
